3.4395  
1.9401  
5.5027  
7.2568  
2.0426  
2.2009  
1.1267  
1.1267  
1.4375  
1.1267  
1.1267  
1.9568  
1.1267  
1.1267  
1.1267  
1.1267  
1.5264  
1.1267  
1.4375  
1.1267  
1.1267  
1.9820  
1.1267  
2.4420  
4.1513  
1.1267  
1.1267  
1.1267  
2.9429  
1.1267  
1.6206  
1.1267  
1.1267  
1.1267  
1.1267  
1.5074  
1.8979  
1.5074  
2.0973  
1.5074  
1.5074  
1.5074  
1.5074  
1.5074  
1.5074  
1.5074  
1.5074  
1.8979  
1.8979  
1.5074  
1.5074  
1.5074  
1.5074  
1.5074  
1.5074  
1.5074  
1.6774  
1.4829  
3.1520  
1.4829  
1.4829  
1.4829  
1.4829  
1.4829  
1.4829  
1.4829  
1.3446  
1.3446  
1.3446  
2.2991  
2.2991  
2.2991  
1.3446  
1.3446  
1.3446  
1.3446  
1.3446  
1.3446  
1.3446  
1.3446  
1.3446  
1.3446  
1.3446  
1.6998  
1.6998  
1.6998  
1.6998  
1.4992  
1.4992  
1.4992  
1.6191  
1.6191  
1.6191  
1.6191  
