0.0501    0.0199    0.0109    0.0144    0.0109    0.0306    0.0109    0.0109    0.0144    0.0211    0.0109    0.0109    0.0109    0.0109    0.0563    0.0306    0.0109    0.0563    0.0494  
0.0526    0.0499    0.0221    0.0196    0.0221    0.0193    0.0221    0.0221    0.0196    0.0267    0.0221    0.0221    0.0221    0.0221    0.0338    0.0193    0.0221    0.0338    0.0368  
0.0291    0.0383    0.0276    0.0364    0.0276    0.0241    0.0276    0.0276    0.0364    0.0535    0.0276    0.0276    0.0276    0.0276    0.0461    0.0241    0.0276    0.0461    0.0228  
0.0289    0.0380    0.0445    0.0588    0.0445    0.0389    0.0445    0.0445    0.0588    0.0656    0.0445    0.0445    0.0445    0.0445    0.0483    0.0389    0.0445    0.0483    0.0367  
0.0272    0.0272    0.0097    0.0171    0.0097    0.0085    0.0097    0.0097    0.0171    0.0305    0.0097    0.0097    0.0097    0.0097    0.0432    0.0085    0.0097    0.0432    0.0163  
0.0571    0.0752    0.0880    0.0781    0.0880    0.0770    0.0880    0.0880    0.0781    0.0656    0.0880    0.0880    0.0880    0.0880    0.0551    0.0770    0.0880    0.0551    0.0726  
0.0295    0.0290    0.0224    0.0297    0.0224    0.0196    0.0224    0.0224    0.0297    0.0331    0.0224    0.0224    0.0224    0.0224    0.0455    0.0196    0.0224    0.0455    0.0280  
0.1121    0.0457    0.0535    0.0475    0.0535    0.0989    0.0535    0.0535    0.0475    0.0399    0.0535    0.0535    0.0535    0.0535    0.0521    0.0989    0.0535    0.0521    0.0441  
0.0571    0.0752    0.0880    0.0781    0.0880    0.0770    0.0880    0.0880    0.0781    0.0656    0.0880    0.0880    0.0880    0.0880    0.0551    0.0770    0.0880    0.0551    0.0726  
0.0300    0.0317    0.0174    0.0306    0.0174    0.0152    0.0174    0.0174    0.0306    0.0464    0.0174    0.0174    0.0174    0.0174    0.0398    0.0152    0.0174    0.0398    0.0217  
0.0265    0.0263    0.0129    0.0254    0.0129    0.0113    0.0129    0.0129    0.0254    0.0391    0.0129    0.0129    0.0129    0.0129    0.0456    0.0113    0.0129    0.0456    0.0400  
0.0571    0.0752    0.0880    0.0781    0.0880    0.0770    0.0880    0.0880    0.0781    0.0656    0.0880    0.0880    0.0880    0.0880    0.0551    0.0770    0.0880    0.0551    0.0726  
0.0185    0.0206    0.0087    0.0227    0.0087    0.0076    0.0087    0.0087    0.0227    0.0399    0.0087    0.0087    0.0087    0.0087    0.0507    0.0076    0.0087    0.0507    0.0396  
0.0265    0.0263    0.0129    0.0254    0.0129    0.0113    0.0129    0.0129    0.0254    0.0391    0.0129    0.0129    0.0129    0.0129    0.0456    0.0113    0.0129    0.0456    0.0400  
0.0571    0.0752    0.0880    0.0781    0.0880    0.0770    0.0880    0.0880    0.0781    0.0656    0.0880    0.0880    0.0880    0.0880    0.0551    0.0770    0.0880    0.0551    0.0726  
0.0571    0.0752    0.0880    0.0781    0.0880    0.0770    0.0880    0.0880    0.0781    0.0656    0.0880    0.0880    0.0880    0.0880    0.0551    0.0770    0.0880    0.0551    0.0726  
0.0571    0.0752    0.0880    0.0781    0.0880    0.0770    0.0880    0.0880    0.0781    0.0656    0.0880    0.0880    0.0880    0.0880    0.0551    0.0770    0.0880    0.0551    0.0726  
0.0571    0.0752    0.0880    0.0781    0.0880    0.0770    0.0880    0.0880    0.0781    0.0656    0.0880    0.0880    0.0880    0.0880    0.0551    0.0770    0.0880    0.0551    0.0726  
0.1121    0.0457    0.0535    0.0475    0.0535    0.0989    0.0535    0.0535    0.0475    0.0399    0.0535    0.0535    0.0535    0.0535    0.0521    0.0989    0.0535    0.0521    0.0441  
0.0571    0.0752    0.0880    0.0781    0.0880    0.0770    0.0880    0.0880    0.0781    0.0656    0.0880    0.0880    0.0880    0.0880    0.0551    0.0770    0.0880    0.0551    0.0726  
