0.0101    0.0538    0.0184    0.0069    0.0185    0.0069    0.0185    0.0069    0.0069    0.0411    0.0069    0.0069    0.0069    0.0069    0.0069    0.0069    0.0135    0.0069    0.0185    0.0069    0.0069    0.0101    0.0101    0.0411    0.0069    0.0101    0.0086    0.0106    0.0101    0.0411    0.0069    0.0069    0.0135    0.0086    0.0069    0.0106    0.0069  
0.0380    0.0316    0.0359    0.0453    0.0410    0.0453    0.0410    0.0453    0.0453    0.0310    0.0453    0.0453    0.0453    0.0453    0.0453    0.0453    0.0345    0.0453    0.0297    0.0453    0.0453    0.0380    0.0380    0.0310    0.0453    0.0380    0.0413    0.0391    0.0380    0.0310    0.0453    0.0453    0.0345    0.0413    0.0453    0.0391    0.0453  
0.0374    0.0175    0.0199    0.0251    0.0227    0.0251    0.0227    0.0251    0.0251    0.0307    0.0251    0.0251    0.0251    0.0251    0.0251    0.0251    0.0340    0.0251    0.0421    0.0251    0.0251    0.0374    0.0374    0.0307    0.0251    0.0374    0.0319    0.0302    0.0374    0.0307    0.0251    0.0251    0.0340    0.0319    0.0251    0.0302    0.0251  
0.0115    0.0565    0.0462    0.0137    0.0227    0.0137    0.0227    0.0137    0.0137    0.0247    0.0137    0.0137    0.0137    0.0137    0.0137    0.0137    0.0276    0.0137    0.0234    0.0137    0.0137    0.0115    0.0115    0.0247    0.0137    0.0115    0.0126    0.0217    0.0115    0.0247    0.0137    0.0137    0.0276    0.0126    0.0137    0.0217    0.0137  
0.0380    0.0316    0.0359    0.0453    0.0410    0.0453    0.0410    0.0453    0.0453    0.0310    0.0453    0.0453    0.0453    0.0453    0.0453    0.0453    0.0345    0.0453    0.0297    0.0453    0.0453    0.0380    0.0380    0.0310    0.0453    0.0380    0.0413    0.0391    0.0380    0.0310    0.0453    0.0453    0.0345    0.0413    0.0453    0.0391    0.0453  
0.0258    0.0313    0.0355    0.0172    0.0156    0.0172    0.0156    0.0172    0.0172    0.0336    0.0172    0.0172    0.0172    0.0172    0.0172    0.0172    0.0234    0.0172    0.0470    0.0172    0.0172    0.0258    0.0258    0.0336    0.0172    0.0258    0.0219    0.0208    0.0258    0.0336    0.0172    0.0172    0.0234    0.0219    0.0172    0.0208    0.0172  
0.0380    0.0316    0.0359    0.0453    0.0410    0.0453    0.0410    0.0453    0.0453    0.0310    0.0453    0.0453    0.0453    0.0453    0.0453    0.0453    0.0345    0.0453    0.0297    0.0453    0.0453    0.0380    0.0380    0.0310    0.0453    0.0380    0.0413    0.0391    0.0380    0.0310    0.0453    0.0453    0.0345    0.0413    0.0453    0.0391    0.0453  
0.0199    0.0285    0.0244    0.0080    0.0176    0.0080    0.0176    0.0080    0.0080    0.0333    0.0080    0.0080    0.0080    0.0080    0.0080    0.0080    0.0256    0.0080    0.0343    0.0080    0.0080    0.0199    0.0199    0.0333    0.0080    0.0199    0.0145    0.0180    0.0199    0.0333    0.0080    0.0080    0.0256    0.0145    0.0080    0.0180    0.0080  
0.0380    0.0316    0.0359    0.0453    0.0410    0.0453    0.0410    0.0453    0.0453    0.0310    0.0453    0.0453    0.0453    0.0453    0.0453    0.0453    0.0345    0.0453    0.0297    0.0453    0.0453    0.0380    0.0380    0.0310    0.0453    0.0380    0.0413    0.0391    0.0380    0.0310    0.0453    0.0453    0.0345    0.0413    0.0453    0.0391    0.0453  
0.0380    0.0316    0.0359    0.0453    0.0410    0.0453    0.0410    0.0453    0.0453    0.0310    0.0453    0.0453    0.0453    0.0453    0.0453    0.0453    0.0345    0.0453    0.0297    0.0453    0.0453    0.0380    0.0380    0.0310    0.0453    0.0380    0.0413    0.0391    0.0380    0.0310    0.0453    0.0453    0.0345    0.0413    0.0453    0.0391    0.0453  
0.0380    0.0316    0.0359    0.0453    0.0410    0.0453    0.0410    0.0453    0.0453    0.0310    0.0453    0.0453    0.0453    0.0453    0.0453    0.0453    0.0345    0.0453    0.0297    0.0453    0.0453    0.0380    0.0380    0.0310    0.0453    0.0380    0.0413    0.0391    0.0380    0.0310    0.0453    0.0453    0.0345    0.0413    0.0453    0.0391    0.0453  
0.0380    0.0316    0.0359    0.0453    0.0410    0.0453    0.0410    0.0453    0.0453    0.0310    0.0453    0.0453    0.0453    0.0453    0.0453    0.0453    0.0345    0.0453    0.0297    0.0453    0.0453    0.0380    0.0380    0.0310    0.0453    0.0380    0.0413    0.0391    0.0380    0.0310    0.0453    0.0453    0.0345    0.0413    0.0453    0.0391    0.0453  
0.0266    0.0329    0.0257    0.0179    0.0228    0.0179    0.0228    0.0179    0.0179    0.0252    0.0179    0.0179    0.0179    0.0179    0.0179    0.0179    0.0354    0.0179    0.0300    0.0179    0.0179    0.0266    0.0266    0.0252    0.0179    0.0266    0.0227    0.0278    0.0266    0.0252    0.0179    0.0179    0.0354    0.0227    0.0179    0.0278    0.0179  
0.0380    0.0316    0.0359    0.0453    0.0410    0.0453    0.0410    0.0453    0.0453    0.0310    0.0453    0.0453    0.0453    0.0453    0.0453    0.0453    0.0345    0.0453    0.0297    0.0453    0.0453    0.0380    0.0380    0.0310    0.0453    0.0380    0.0413    0.0391    0.0380    0.0310    0.0453    0.0453    0.0345    0.0413    0.0453    0.0391    0.0453  
0.0380    0.0316    0.0359    0.0453    0.0410    0.0453    0.0410    0.0453    0.0453    0.0310    0.0453    0.0453    0.0453    0.0453    0.0453    0.0453    0.0345    0.0453    0.0297    0.0453    0.0453    0.0380    0.0380    0.0310    0.0453    0.0380    0.0413    0.0391    0.0380    0.0310    0.0453    0.0453    0.0345    0.0413    0.0453    0.0391    0.0453  
0.0199    0.0285    0.0244    0.0080    0.0176    0.0080    0.0176    0.0080    0.0080    0.0333    0.0080    0.0080    0.0080    0.0080    0.0080    0.0080    0.0256    0.0080    0.0343    0.0080    0.0080    0.0199    0.0199    0.0333    0.0080    0.0199    0.0145    0.0180    0.0199    0.0333    0.0080    0.0080    0.0256    0.0145    0.0080    0.0180    0.0080  
0.0380    0.0316    0.0359    0.0453    0.0410    0.0453    0.0410    0.0453    0.0453    0.0310    0.0453    0.0453    0.0453    0.0453    0.0453    0.0453    0.0345    0.0453    0.0297    0.0453    0.0453    0.0380    0.0380    0.0310    0.0453    0.0380    0.0413    0.0391    0.0380    0.0310    0.0453    0.0453    0.0345    0.0413    0.0453    0.0391    0.0453  
0.0234    0.0322    0.0294    0.0109    0.0139    0.0109    0.0139    0.0109    0.0109    0.0291    0.0109    0.0109    0.0109    0.0109    0.0109    0.0109    0.0280    0.0109    0.0408    0.0109    0.0109    0.0234    0.0234    0.0291    0.0109    0.0234    0.0177    0.0206    0.0234    0.0291    0.0109    0.0109    0.0280    0.0177    0.0109    0.0206    0.0109  
0.0181    0.0292    0.0252    0.0122    0.0243    0.0122    0.0243    0.0122    0.0122    0.0315    0.0122    0.0122    0.0122    0.0122    0.0122    0.0122    0.0240    0.0122    0.0267    0.0122    0.0122    0.0181    0.0181    0.0315    0.0122    0.0181    0.0154    0.0189    0.0181    0.0315    0.0122    0.0122    0.0240    0.0154    0.0122    0.0189    0.0122  
0.0374    0.0175    0.0199    0.0251    0.0227    0.0251    0.0227    0.0251    0.0251    0.0307    0.0251    0.0251    0.0251    0.0251    0.0251    0.0251    0.0340    0.0251    0.0421    0.0251    0.0251    0.0374    0.0374    0.0307    0.0251    0.0374    0.0319    0.0302    0.0374    0.0307    0.0251    0.0251    0.0340    0.0319    0.0251    0.0302    0.0251  
0.0234    0.0198    0.0191    0.0109    0.0119    0.0109    0.0119    0.0109    0.0109    0.0370    0.0109    0.0109    0.0109    0.0109    0.0109    0.0109    0.0245    0.0109    0.0351    0.0109    0.0109    0.0234    0.0234    0.0370    0.0109    0.0234    0.0177    0.0187    0.0234    0.0370    0.0109    0.0109    0.0245    0.0177    0.0109    0.0187    0.0109  
0.0374    0.0175    0.0199    0.0251    0.0227    0.0251    0.0227    0.0251    0.0251    0.0307    0.0251    0.0251    0.0251    0.0251    0.0251    0.0251    0.0340    0.0251    0.0421    0.0251    0.0251    0.0374    0.0374    0.0307    0.0251    0.0374    0.0319    0.0302    0.0374    0.0307    0.0251    0.0251    0.0340    0.0319    0.0251    0.0302    0.0251  
0.0380    0.0316    0.0359    0.0453    0.0410    0.0453    0.0410    0.0453    0.0453    0.0310    0.0453    0.0453    0.0453    0.0453    0.0453    0.0453    0.0345    0.0453    0.0297    0.0453    0.0453    0.0380    0.0380    0.0310    0.0453    0.0380    0.0413    0.0391    0.0380    0.0310    0.0453    0.0453    0.0345    0.0413    0.0453    0.0391    0.0453  
0.0181    0.0292    0.0252    0.0122    0.0243    0.0122    0.0243    0.0122    0.0122    0.0315    0.0122    0.0122    0.0122    0.0122    0.0122    0.0122    0.0240    0.0122    0.0267    0.0122    0.0122    0.0181    0.0181    0.0315    0.0122    0.0181    0.0154    0.0189    0.0181    0.0315    0.0122    0.0122    0.0240    0.0154    0.0122    0.0189    0.0122  
0.0380    0.0316    0.0359    0.0453    0.0410    0.0453    0.0410    0.0453    0.0453    0.0310    0.0453    0.0453    0.0453    0.0453    0.0453    0.0453    0.0345    0.0453    0.0297    0.0453    0.0453    0.0380    0.0380    0.0310    0.0453    0.0380    0.0413    0.0391    0.0380    0.0310    0.0453    0.0453    0.0345    0.0413    0.0453    0.0391    0.0453  
0.0234    0.0198    0.0191    0.0109    0.0119    0.0109    0.0119    0.0109    0.0109    0.0370    0.0109    0.0109    0.0109    0.0109    0.0109    0.0109    0.0245    0.0109    0.0351    0.0109    0.0109    0.0234    0.0234    0.0370    0.0109    0.0234    0.0177    0.0187    0.0234    0.0370    0.0109    0.0109    0.0245    0.0177    0.0109    0.0187    0.0109  
0.0380    0.0316    0.0359    0.0453    0.0410    0.0453    0.0410    0.0453    0.0453    0.0310    0.0453    0.0453    0.0453    0.0453    0.0453    0.0453    0.0345    0.0453    0.0297    0.0453    0.0453    0.0380    0.0380    0.0310    0.0453    0.0380    0.0413    0.0391    0.0380    0.0310    0.0453    0.0453    0.0345    0.0413    0.0453    0.0391    0.0453  
0.0380    0.0316    0.0359    0.0453    0.0410    0.0453    0.0410    0.0453    0.0453    0.0310    0.0453    0.0453    0.0453    0.0453    0.0453    0.0453    0.0345    0.0453    0.0297    0.0453    0.0453    0.0380    0.0380    0.0310    0.0453    0.0380    0.0413    0.0391    0.0380    0.0310    0.0453    0.0453    0.0345    0.0413    0.0453    0.0391    0.0453  
0.0219    0.0481    0.0376    0.0261    0.0334    0.0261    0.0334    0.0261    0.0261    0.0228    0.0261    0.0261    0.0261    0.0261    0.0261    0.0261    0.0361    0.0261    0.0171    0.0261    0.0261    0.0219    0.0219    0.0228    0.0261    0.0219    0.0239    0.0318    0.0219    0.0228    0.0261    0.0261    0.0361    0.0239    0.0261    0.0318    0.0261  
0.0380    0.0316    0.0359    0.0453    0.0410    0.0453    0.0410    0.0453    0.0453    0.0310    0.0453    0.0453    0.0453    0.0453    0.0453    0.0453    0.0345    0.0453    0.0297    0.0453    0.0453    0.0380    0.0380    0.0310    0.0453    0.0380    0.0413    0.0391    0.0380    0.0310    0.0453    0.0453    0.0345    0.0413    0.0453    0.0391    0.0453  
0.0380    0.0316    0.0359    0.0453    0.0410    0.0453    0.0410    0.0453    0.0453    0.0310    0.0453    0.0453    0.0453    0.0453    0.0453    0.0453    0.0345    0.0453    0.0297    0.0453    0.0453    0.0380    0.0380    0.0310    0.0453    0.0380    0.0413    0.0391    0.0380    0.0310    0.0453    0.0453    0.0345    0.0413    0.0453    0.0391    0.0453  
0.0380    0.0316    0.0359    0.0453    0.0410    0.0453    0.0410    0.0453    0.0453    0.0310    0.0453    0.0453    0.0453    0.0453    0.0453    0.0453    0.0345    0.0453    0.0297    0.0453    0.0453    0.0380    0.0380    0.0310    0.0453    0.0380    0.0413    0.0391    0.0380    0.0310    0.0453    0.0453    0.0345    0.0413    0.0453    0.0391    0.0453  
