0.0139    0.0041    0.0288    0.0411    0.0322    0.0041    0.0177    0.0041    0.0104    0.0041    0.0132    0.0041    0.0222    0.0041    0.0041    0.0041    0.0041    0.0041    0.0139    0.0254    0.0041    0.0041    0.0041    0.0041    0.0104    0.0041    0.0070    0.0254    0.0141    0.0041    0.0519    0.0041    0.0041  
0.0278    0.0245    0.0193    0.0177    0.0176    0.0245    0.0213    0.0245    0.0285    0.0245    0.0262    0.0245    0.0178    0.0245    0.0245    0.0245    0.0245    0.0245    0.0278    0.0215    0.0245    0.0245    0.0245    0.0245    0.0285    0.0245    0.0312    0.0215    0.0199    0.0245    0.0229    0.0245    0.0245  
0.0348    0.0378    0.0298    0.0273    0.0272    0.0378    0.0329    0.0378    0.0299    0.0378    0.0275    0.0378    0.0276    0.0378    0.0378    0.0378    0.0378    0.0378    0.0348    0.0333    0.0378    0.0378    0.0378    0.0378    0.0299    0.0378    0.0327    0.0333    0.0307    0.0378    0.0146    0.0378    0.0378  
0.0348    0.0378    0.0298    0.0273    0.0272    0.0378    0.0329    0.0378    0.0299    0.0378    0.0275    0.0378    0.0276    0.0378    0.0378    0.0378    0.0378    0.0378    0.0348    0.0333    0.0378    0.0378    0.0378    0.0378    0.0299    0.0378    0.0327    0.0333    0.0307    0.0378    0.0146    0.0378    0.0378  
0.0122    0.0074    0.0210    0.0192    0.0261    0.0074    0.0148    0.0074    0.0198    0.0074    0.0226    0.0074    0.0211    0.0074    0.0074    0.0074    0.0074    0.0074    0.0122    0.0134    0.0074    0.0074    0.0074    0.0074    0.0198    0.0074    0.0165    0.0134    0.0186    0.0074    0.0420    0.0074    0.0074  
0.0179    0.0195    0.1350    0.1238    0.1233    0.0195    0.0169    0.0195    0.0154    0.0195    0.0141    0.0195    0.0142    0.0195    0.0195    0.0195    0.0195    0.0195    0.0179    0.0171    0.0195    0.0195    0.0195    0.0195    0.0154    0.0195    0.0169    0.0171    0.0158    0.0195    0.0661    0.0195    0.0195  
0.0089    0.0034    0.0231    0.0329    0.0258    0.0034    0.0029    0.0034    0.0190    0.0034    0.0234    0.0034    0.0143    0.0034    0.0034    0.0034    0.0034    0.0034    0.0089    0.0094    0.0034    0.0034    0.0034    0.0034    0.0190    0.0034    0.0138    0.0094    0.0146    0.0034    0.0467    0.0034    0.0034  
0.0122    0.0074    0.0210    0.0192    0.0261    0.0074    0.0148    0.0074    0.0198    0.0074    0.0226    0.0074    0.0211    0.0074    0.0074    0.0074    0.0074    0.0074    0.0122    0.0134    0.0074    0.0074    0.0074    0.0074    0.0198    0.0074    0.0165    0.0134    0.0186    0.0074    0.0420    0.0074    0.0074  
0.0245    0.0180    0.0142    0.0130    0.0129    0.0180    0.0156    0.0180    0.0278    0.0180    0.0256    0.0180    0.0131    0.0180    0.0180    0.0180    0.0180    0.0180    0.0245    0.0159    0.0180    0.0180    0.0180    0.0180    0.0278    0.0180    0.0305    0.0159    0.0146    0.0180    0.0269    0.0180    0.0180  
0.0348    0.0378    0.0298    0.0273    0.0272    0.0378    0.0329    0.0378    0.0299    0.0378    0.0275    0.0378    0.0276    0.0378    0.0378    0.0378    0.0378    0.0378    0.0348    0.0333    0.0378    0.0378    0.0378    0.0378    0.0299    0.0378    0.0327    0.0333    0.0307    0.0378    0.0146    0.0378    0.0378  
0.0348    0.0378    0.0298    0.0273    0.0272    0.0378    0.0329    0.0378    0.0299    0.0378    0.0275    0.0378    0.0276    0.0378    0.0378    0.0378    0.0378    0.0378    0.0348    0.0333    0.0378    0.0378    0.0378    0.0378    0.0299    0.0378    0.0327    0.0333    0.0307    0.0378    0.0146    0.0378    0.0378  
0.0117    0.0086    0.0068    0.0366    0.0182    0.0086    0.0075    0.0086    0.0132    0.0086    0.0121    0.0086    0.0063    0.0086    0.0086    0.0086    0.0086    0.0086    0.0117    0.0150    0.0086    0.0086    0.0086    0.0086    0.0132    0.0086    0.0145    0.0150    0.0206    0.0086    0.0419    0.0086    0.0086  
0.0348    0.0378    0.0298    0.0273    0.0272    0.0378    0.0329    0.0378    0.0299    0.0378    0.0275    0.0378    0.0276    0.0378    0.0378    0.0378    0.0378    0.0378    0.0348    0.0333    0.0378    0.0378    0.0378    0.0378    0.0299    0.0378    0.0327    0.0333    0.0307    0.0378    0.0146    0.0378    0.0378  
0.0348    0.0378    0.0298    0.0273    0.0272    0.0378    0.0329    0.0378    0.0299    0.0378    0.0275    0.0378    0.0276    0.0378    0.0378    0.0378    0.0378    0.0378    0.0348    0.0333    0.0378    0.0378    0.0378    0.0378    0.0299    0.0378    0.0327    0.0333    0.0307    0.0378    0.0146    0.0378    0.0378  
0.0348    0.0378    0.0298    0.0273    0.0272    0.0378    0.0329    0.0378    0.0299    0.0378    0.0275    0.0378    0.0276    0.0378    0.0378    0.0378    0.0378    0.0378    0.0348    0.0333    0.0378    0.0378    0.0378    0.0378    0.0299    0.0378    0.0327    0.0333    0.0307    0.0378    0.0146    0.0378    0.0378  
0.0348    0.0378    0.0298    0.0273    0.0272    0.0378    0.0329    0.0378    0.0299    0.0378    0.0275    0.0378    0.0276    0.0378    0.0378    0.0378    0.0378    0.0378    0.0348    0.0333    0.0378    0.0378    0.0378    0.0378    0.0299    0.0378    0.0327    0.0333    0.0307    0.0378    0.0146    0.0378    0.0378  
0.0179    0.0195    0.0154    0.0141    0.0140    0.0195    0.0829    0.0195    0.0154    0.0195    0.0141    0.0195    0.0695    0.0195    0.0195    0.0195    0.0195    0.0195    0.0179    0.0171    0.0195    0.0195    0.0195    0.0195    0.0154    0.0195    0.0169    0.0171    0.0158    0.0195    0.0368    0.0195    0.0195  
0.0278    0.0245    0.0193    0.0177    0.0176    0.0245    0.0213    0.0245    0.0285    0.0245    0.0262    0.0245    0.0178    0.0245    0.0245    0.0245    0.0245    0.0245    0.0278    0.0215    0.0245    0.0245    0.0245    0.0245    0.0285    0.0245    0.0312    0.0215    0.0199    0.0245    0.0229    0.0245    0.0245  
0.0348    0.0378    0.0298    0.0273    0.0272    0.0378    0.0329    0.0378    0.0299    0.0378    0.0275    0.0378    0.0276    0.0378    0.0378    0.0378    0.0378    0.0378    0.0348    0.0333    0.0378    0.0378    0.0378    0.0378    0.0299    0.0378    0.0327    0.0333    0.0307    0.0378    0.0146    0.0378    0.0378  
0.0245    0.0180    0.0142    0.0130    0.0129    0.0180    0.0156    0.0180    0.0278    0.0180    0.0256    0.0180    0.0131    0.0180    0.0180    0.0180    0.0180    0.0180    0.0245    0.0159    0.0180    0.0180    0.0180    0.0180    0.0278    0.0180    0.0305    0.0159    0.0146    0.0180    0.0269    0.0180    0.0180  
0.0348    0.0378    0.0298    0.0273    0.0272    0.0378    0.0329    0.0378    0.0299    0.0378    0.0275    0.0378    0.0276    0.0378    0.0378    0.0378    0.0378    0.0378    0.0348    0.0333    0.0378    0.0378    0.0378    0.0378    0.0299    0.0378    0.0327    0.0333    0.0307    0.0378    0.0146    0.0378    0.0378  
0.0348    0.0378    0.0298    0.0273    0.0272    0.0378    0.0329    0.0378    0.0299    0.0378    0.0275    0.0378    0.0276    0.0378    0.0378    0.0378    0.0378    0.0378    0.0348    0.0333    0.0378    0.0378    0.0378    0.0378    0.0299    0.0378    0.0327    0.0333    0.0307    0.0378    0.0146    0.0378    0.0378  
0.0148    0.0109    0.0086    0.0079    0.0078    0.0109    0.0094    0.0109    0.0274    0.0109    0.0348    0.0109    0.0274    0.0109    0.0109    0.0109    0.0109    0.0109    0.0148    0.0155    0.0109    0.0109    0.0109    0.0109    0.0274    0.0109    0.0185    0.0155    0.0197    0.0109    0.0317    0.0109    0.0109  
0.0348    0.0378    0.0298    0.0273    0.0272    0.0378    0.0329    0.0378    0.0299    0.0378    0.0275    0.0378    0.0276    0.0378    0.0378    0.0378    0.0378    0.0378    0.0348    0.0333    0.0378    0.0378    0.0378    0.0378    0.0299    0.0378    0.0327    0.0333    0.0307    0.0378    0.0146    0.0378    0.0378  
0.0155    0.0168    0.0133    0.0122    0.0240    0.0168    0.0146    0.0168    0.0214    0.0168    0.0272    0.0168    0.0273    0.0168    0.0168    0.0168    0.0168    0.0168    0.0155    0.0266    0.0168    0.0168    0.0168    0.0168    0.0214    0.0168    0.0146    0.0266    0.0354    0.0168    0.0311    0.0168    0.0168  
0.0101    0.0074    0.0058    0.0185    0.0106    0.0074    0.0191    0.0074    0.0186    0.0074    0.0237    0.0074    0.0292    0.0074    0.0074    0.0074    0.0074    0.0074    0.0101    0.0138    0.0074    0.0074    0.0074    0.0074    0.0186    0.0074    0.0125    0.0138    0.0193    0.0074    0.0398    0.0074    0.0074  
0.0348    0.0378    0.0298    0.0273    0.0272    0.0378    0.0329    0.0378    0.0299    0.0378    0.0275    0.0378    0.0276    0.0378    0.0378    0.0378    0.0378    0.0378    0.0348    0.0333    0.0378    0.0378    0.0378    0.0378    0.0299    0.0378    0.0327    0.0333    0.0307    0.0378    0.0146    0.0378    0.0378  
0.0348    0.0378    0.0298    0.0273    0.0272    0.0378    0.0329    0.0378    0.0299    0.0378    0.0275    0.0378    0.0276    0.0378    0.0378    0.0378    0.0378    0.0378    0.0348    0.0333    0.0378    0.0378    0.0378    0.0378    0.0299    0.0378    0.0327    0.0333    0.0307    0.0378    0.0146    0.0378    0.0378  
0.0348    0.0378    0.0298    0.0273    0.0272    0.0378    0.0329    0.0378    0.0299    0.0378    0.0275    0.0378    0.0276    0.0378    0.0378    0.0378    0.0378    0.0378    0.0348    0.0333    0.0378    0.0378    0.0378    0.0378    0.0299    0.0378    0.0327    0.0333    0.0307    0.0378    0.0146    0.0378    0.0378  
0.0119    0.0066    0.0052    0.0048    0.0141    0.0066    0.0058    0.0066    0.0217    0.0066    0.0258    0.0066    0.0166    0.0066    0.0066    0.0066    0.0066    0.0066    0.0119    0.0152    0.0066    0.0066    0.0066    0.0066    0.0217    0.0066    0.0167    0.0152    0.0225    0.0066    0.0367    0.0066    0.0066  
0.0122    0.0074    0.0210    0.0192    0.0261    0.0074    0.0148    0.0074    0.0198    0.0074    0.0226    0.0074    0.0211    0.0074    0.0074    0.0074    0.0074    0.0074    0.0122    0.0134    0.0074    0.0074    0.0074    0.0074    0.0198    0.0074    0.0165    0.0134    0.0186    0.0074    0.0420    0.0074    0.0074  
0.0348    0.0378    0.0298    0.0273    0.0272    0.0378    0.0329    0.0378    0.0299    0.0378    0.0275    0.0378    0.0276    0.0378    0.0378    0.0378    0.0378    0.0378    0.0348    0.0333    0.0378    0.0378    0.0378    0.0378    0.0299    0.0378    0.0327    0.0333    0.0307    0.0378    0.0146    0.0378    0.0378  
0.0147    0.0160    0.0126    0.0116    0.0115    0.0160    0.0139    0.0160    0.0280    0.0160    0.0399    0.0160    0.0400    0.0160    0.0160    0.0160    0.0160    0.0160    0.0147    0.0227    0.0160    0.0160    0.0160    0.0160    0.0280    0.0160    0.0138    0.0227    0.0288    0.0160    0.0288    0.0160    0.0160  
0.0155    0.0168    0.0133    0.0122    0.0240    0.0168    0.0146    0.0168    0.0214    0.0168    0.0272    0.0168    0.0273    0.0168    0.0168    0.0168    0.0168    0.0168    0.0155    0.0266    0.0168    0.0168    0.0168    0.0168    0.0214    0.0168    0.0146    0.0266    0.0354    0.0168    0.0311    0.0168    0.0168  
0.0348    0.0378    0.0298    0.0273    0.0272    0.0378    0.0329    0.0378    0.0299    0.0378    0.0275    0.0378    0.0276    0.0378    0.0378    0.0378    0.0378    0.0378    0.0348    0.0333    0.0378    0.0378    0.0378    0.0378    0.0299    0.0378    0.0327    0.0333    0.0307    0.0378    0.0146    0.0378    0.0378  
0.0101    0.0074    0.0058    0.0185    0.0106    0.0074    0.0191    0.0074    0.0186    0.0074    0.0237    0.0074    0.0292    0.0074    0.0074    0.0074    0.0074    0.0074    0.0101    0.0138    0.0074    0.0074    0.0074    0.0074    0.0186    0.0074    0.0125    0.0138    0.0193    0.0074    0.0398    0.0074    0.0074  
0.0348    0.0378    0.0298    0.0273    0.0272    0.0378    0.0329    0.0378    0.0299    0.0378    0.0275    0.0378    0.0276    0.0378    0.0378    0.0378    0.0378    0.0378    0.0348    0.0333    0.0378    0.0378    0.0378    0.0378    0.0299    0.0378    0.0327    0.0333    0.0307    0.0378    0.0146    0.0378    0.0378  
0.0348    0.0378    0.0298    0.0273    0.0272    0.0378    0.0329    0.0378    0.0299    0.0378    0.0275    0.0378    0.0276    0.0378    0.0378    0.0378    0.0378    0.0378    0.0348    0.0333    0.0378    0.0378    0.0378    0.0378    0.0299    0.0378    0.0327    0.0333    0.0307    0.0378    0.0146    0.0378    0.0378  
0.0348    0.0378    0.0298    0.0273    0.0272    0.0378    0.0329    0.0378    0.0299    0.0378    0.0275    0.0378    0.0276    0.0378    0.0378    0.0378    0.0378    0.0378    0.0348    0.0333    0.0378    0.0378    0.0378    0.0378    0.0299    0.0378    0.0327    0.0333    0.0307    0.0378    0.0146    0.0378    0.0378  
