0.0118    0.0051    0.0239    0.0051    0.0093    0.0125    0.0093    0.0093    0.0319    0.0051    0.0051    0.0051    0.0051    0.0086    0.0051    0.0051    0.0348    0.0330    0.0319    0.0330    0.0234    0.0051    0.0109    0.0093    0.0051    0.0051    0.0051    0.0125    0.0109    0.0051    0.0093    0.0319    0.0051    0.0051    0.0118    0.0123    0.0139    0.0051  
0.0244    0.0164    0.0206    0.0164    0.0217    0.0265    0.0217    0.0217    0.0226    0.0164    0.0164    0.0164    0.0164    0.0206    0.0164    0.0164    0.0110    0.0110    0.0226    0.0110    0.0136    0.0164    0.0240    0.0217    0.0164    0.0164    0.0164    0.0265    0.0240    0.0164    0.0217    0.0226    0.0164    0.0164    0.0244    0.0252    0.0272    0.0164  
0.0223    0.0151    0.0210    0.0151    0.0184    0.0220    0.0184    0.0184    0.0258    0.0151    0.0151    0.0151    0.0151    0.0203    0.0151    0.0151    0.0184    0.0184    0.0258    0.0184    0.0125    0.0151    0.0202    0.0184    0.0151    0.0151    0.0151    0.0220    0.0202    0.0151    0.0184    0.0258    0.0151    0.0151    0.0223    0.0207    0.0237    0.0151  
0.0292    0.0422    0.0260    0.0422    0.0341    0.0338    0.0341    0.0341    0.0234    0.0422    0.0422    0.0422    0.0422    0.0349    0.0422    0.0422    0.0283    0.0284    0.0234    0.0284    0.0350    0.0422    0.0340    0.0341    0.0422    0.0422    0.0422    0.0338    0.0340    0.0422    0.0341    0.0234    0.0422    0.0422    0.0292    0.0286    0.0251    0.0422  
0.0321    0.0149    0.0480    0.0149    0.0121    0.0120    0.0121    0.0121    0.0141    0.0149    0.0149    0.0149    0.0149    0.0384    0.0149    0.0149    0.0100    0.0100    0.0141    0.0100    0.0124    0.0149    0.0120    0.0121    0.0149    0.0149    0.0149    0.0120    0.0120    0.0149    0.0121    0.0141    0.0149    0.0149    0.0321    0.0101    0.0276    0.0149  
0.0292    0.0422    0.0260    0.0422    0.0341    0.0338    0.0341    0.0341    0.0234    0.0422    0.0422    0.0422    0.0422    0.0349    0.0422    0.0422    0.0283    0.0284    0.0234    0.0284    0.0350    0.0422    0.0340    0.0341    0.0422    0.0422    0.0422    0.0338    0.0340    0.0422    0.0341    0.0234    0.0422    0.0422    0.0292    0.0286    0.0251    0.0422  
0.0313    0.0221    0.0422    0.0221    0.0179    0.0177    0.0179    0.0179    0.0165    0.0221    0.0221    0.0221    0.0221    0.0374    0.0221    0.0221    0.0148    0.0149    0.0165    0.0149    0.0184    0.0221    0.0178    0.0179    0.0221    0.0221    0.0221    0.0177    0.0178    0.0221    0.0179    0.0165    0.0221    0.0221    0.0313    0.0150    0.0269    0.0221  
0.0308    0.0133    0.0255    0.0133    0.0246    0.0107    0.0246    0.0246    0.0195    0.0133    0.0133    0.0133    0.0133    0.0227    0.0133    0.0133    0.0089    0.0090    0.0195    0.0090    0.0111    0.0133    0.0177    0.0246    0.0133    0.0133    0.0133    0.0107    0.0177    0.0133    0.0246    0.0195    0.0133    0.0133    0.0308    0.0323    0.0366    0.0133  
0.0292    0.0422    0.0260    0.0422    0.0341    0.0338    0.0341    0.0341    0.0234    0.0422    0.0422    0.0422    0.0422    0.0349    0.0422    0.0422    0.0283    0.0284    0.0234    0.0284    0.0350    0.0422    0.0340    0.0341    0.0422    0.0422    0.0422    0.0338    0.0340    0.0422    0.0341    0.0234    0.0422    0.0422    0.0292    0.0286    0.0251    0.0422  
0.0210    0.0091    0.0174    0.0091    0.0167    0.0148    0.0167    0.0167    0.0245    0.0091    0.0091    0.0091    0.0091    0.0154    0.0091    0.0091    0.0342    0.0187    0.0245    0.0187    0.0076    0.0091    0.0158    0.0167    0.0091    0.0091    0.0091    0.0148    0.0158    0.0091    0.0167    0.0245    0.0091    0.0091    0.0210    0.0220    0.0249    0.0091  
0.0092    0.0133    0.0454    0.0133    0.0108    0.0107    0.0108    0.0108    0.0286    0.0133    0.0133    0.0133    0.0133    0.0110    0.0133    0.0133    0.0454    0.0861    0.0286    0.0861    0.0612    0.0133    0.0107    0.0108    0.0133    0.0133    0.0133    0.0107    0.0107    0.0133    0.0108    0.0286    0.0133    0.0133    0.0092    0.0090    0.0079    0.0133  
0.0092    0.0133    0.0454    0.0133    0.0108    0.0107    0.0108    0.0108    0.0286    0.0133    0.0133    0.0133    0.0133    0.0110    0.0133    0.0133    0.0454    0.0861    0.0286    0.0861    0.0612    0.0133    0.0107    0.0108    0.0133    0.0133    0.0133    0.0107    0.0107    0.0133    0.0108    0.0286    0.0133    0.0133    0.0092    0.0090    0.0079    0.0133  
0.0092    0.0133    0.0454    0.0133    0.0108    0.0107    0.0108    0.0108    0.0286    0.0133    0.0133    0.0133    0.0133    0.0110    0.0133    0.0133    0.0454    0.0861    0.0286    0.0861    0.0612    0.0133    0.0107    0.0108    0.0133    0.0133    0.0133    0.0107    0.0107    0.0133    0.0108    0.0286    0.0133    0.0133    0.0092    0.0090    0.0079    0.0133  
0.0296    0.0188    0.0116    0.0188    0.0346    0.0150    0.0346    0.0346    0.0238    0.0188    0.0188    0.0188    0.0188    0.0155    0.0188    0.0188    0.0126    0.0126    0.0238    0.0126    0.0156    0.0188    0.0248    0.0346    0.0188    0.0188    0.0188    0.0150    0.0248    0.0188    0.0346    0.0238    0.0188    0.0188    0.0296    0.0455    0.0399    0.0188  
0.0210    0.0091    0.0174    0.0091    0.0167    0.0148    0.0167    0.0167    0.0245    0.0091    0.0091    0.0091    0.0091    0.0154    0.0091    0.0091    0.0342    0.0187    0.0245    0.0187    0.0076    0.0091    0.0158    0.0167    0.0091    0.0091    0.0091    0.0148    0.0158    0.0091    0.0167    0.0245    0.0091    0.0091    0.0210    0.0220    0.0249    0.0091  
0.0296    0.0188    0.0116    0.0188    0.0346    0.0150    0.0346    0.0346    0.0238    0.0188    0.0188    0.0188    0.0188    0.0155    0.0188    0.0188    0.0126    0.0126    0.0238    0.0126    0.0156    0.0188    0.0248    0.0346    0.0188    0.0188    0.0188    0.0150    0.0248    0.0188    0.0346    0.0238    0.0188    0.0188    0.0296    0.0455    0.0399    0.0188  
0.0214    0.0162    0.0153    0.0162    0.0217    0.0197    0.0217    0.0217    0.0287    0.0162    0.0162    0.0162    0.0162    0.0170    0.0162    0.0162    0.0248    0.0109    0.0287    0.0109    0.0135    0.0162    0.0207    0.0217    0.0162    0.0162    0.0162    0.0197    0.0207    0.0162    0.0217    0.0287    0.0162    0.0162    0.0214    0.0252    0.0246    0.0162  
0.0292    0.0422    0.0260    0.0422    0.0341    0.0338    0.0341    0.0341    0.0234    0.0422    0.0422    0.0422    0.0422    0.0349    0.0422    0.0422    0.0283    0.0284    0.0234    0.0284    0.0350    0.0422    0.0340    0.0341    0.0422    0.0422    0.0422    0.0338    0.0340    0.0422    0.0341    0.0234    0.0422    0.0422    0.0292    0.0286    0.0251    0.0422  
0.0204    0.0128    0.0079    0.0128    0.0239    0.0315    0.0239    0.0239    0.0261    0.0128    0.0128    0.0128    0.0128    0.0106    0.0128    0.0128    0.0086    0.0086    0.0261    0.0086    0.0107    0.0128    0.0277    0.0239    0.0128    0.0128    0.0128    0.0315    0.0277    0.0128    0.0239    0.0261    0.0128    0.0128    0.0204    0.0312    0.0274    0.0128  
0.0144    0.0209    0.0129    0.0209    0.0169    0.0509    0.0169    0.0169    0.0274    0.0209    0.0209    0.0209    0.0209    0.0173    0.0209    0.0209    0.0140    0.0140    0.0274    0.0140    0.0173    0.0209    0.0340    0.0169    0.0209    0.0209    0.0209    0.0509    0.0340    0.0209    0.0169    0.0274    0.0209    0.0209    0.0144    0.0141    0.0124    0.0209  
0.0149    0.0106    0.0201    0.0106    0.0086    0.0257    0.0086    0.0086    0.0258    0.0106    0.0106    0.0106    0.0106    0.0178    0.0106    0.0106    0.0431    0.0071    0.0258    0.0071    0.0088    0.0106    0.0171    0.0086    0.0106    0.0106    0.0106    0.0257    0.0171    0.0106    0.0086    0.0258    0.0106    0.0106    0.0149    0.0072    0.0128    0.0106  
0.0292    0.0422    0.0260    0.0422    0.0341    0.0338    0.0341    0.0341    0.0234    0.0422    0.0422    0.0422    0.0422    0.0349    0.0422    0.0422    0.0283    0.0284    0.0234    0.0284    0.0350    0.0422    0.0340    0.0341    0.0422    0.0422    0.0422    0.0338    0.0340    0.0422    0.0341    0.0234    0.0422    0.0422    0.0292    0.0286    0.0251    0.0422  
0.0214    0.0162    0.0153    0.0162    0.0217    0.0197    0.0217    0.0217    0.0287    0.0162    0.0162    0.0162    0.0162    0.0170    0.0162    0.0162    0.0248    0.0109    0.0287    0.0109    0.0135    0.0162    0.0207    0.0217    0.0162    0.0162    0.0162    0.0197    0.0207    0.0162    0.0217    0.0287    0.0162    0.0162    0.0214    0.0252    0.0246    0.0162  
0.0292    0.0422    0.0260    0.0422    0.0341    0.0338    0.0341    0.0341    0.0234    0.0422    0.0422    0.0422    0.0422    0.0349    0.0422    0.0422    0.0283    0.0284    0.0234    0.0284    0.0350    0.0422    0.0340    0.0341    0.0422    0.0422    0.0422    0.0338    0.0340    0.0422    0.0341    0.0234    0.0422    0.0422    0.0292    0.0286    0.0251    0.0422  
0.0223    0.0151    0.0210    0.0151    0.0184    0.0220    0.0184    0.0184    0.0258    0.0151    0.0151    0.0151    0.0151    0.0203    0.0151    0.0151    0.0184    0.0184    0.0258    0.0184    0.0125    0.0151    0.0202    0.0184    0.0151    0.0151    0.0151    0.0220    0.0202    0.0151    0.0184    0.0258    0.0151    0.0151    0.0223    0.0207    0.0237    0.0151  
0.0292    0.0422    0.0260    0.0422    0.0341    0.0338    0.0341    0.0341    0.0234    0.0422    0.0422    0.0422    0.0422    0.0349    0.0422    0.0422    0.0283    0.0284    0.0234    0.0284    0.0350    0.0422    0.0340    0.0341    0.0422    0.0422    0.0422    0.0338    0.0340    0.0422    0.0341    0.0234    0.0422    0.0422    0.0292    0.0286    0.0251    0.0422  
0.0292    0.0422    0.0260    0.0422    0.0341    0.0338    0.0341    0.0341    0.0234    0.0422    0.0422    0.0422    0.0422    0.0349    0.0422    0.0422    0.0283    0.0284    0.0234    0.0284    0.0350    0.0422    0.0340    0.0341    0.0422    0.0422    0.0422    0.0338    0.0340    0.0422    0.0341    0.0234    0.0422    0.0422    0.0292    0.0286    0.0251    0.0422  
0.0292    0.0422    0.0260    0.0422    0.0341    0.0338    0.0341    0.0341    0.0234    0.0422    0.0422    0.0422    0.0422    0.0349    0.0422    0.0422    0.0283    0.0284    0.0234    0.0284    0.0350    0.0422    0.0340    0.0341    0.0422    0.0422    0.0422    0.0338    0.0340    0.0422    0.0341    0.0234    0.0422    0.0422    0.0292    0.0286    0.0251    0.0422  
0.0292    0.0422    0.0260    0.0422    0.0341    0.0338    0.0341    0.0341    0.0234    0.0422    0.0422    0.0422    0.0422    0.0349    0.0422    0.0422    0.0283    0.0284    0.0234    0.0284    0.0350    0.0422    0.0340    0.0341    0.0422    0.0422    0.0422    0.0338    0.0340    0.0422    0.0341    0.0234    0.0422    0.0422    0.0292    0.0286    0.0251    0.0422  
0.0214    0.0162    0.0153    0.0162    0.0217    0.0197    0.0217    0.0217    0.0287    0.0162    0.0162    0.0162    0.0162    0.0170    0.0162    0.0162    0.0248    0.0109    0.0287    0.0109    0.0135    0.0162    0.0207    0.0217    0.0162    0.0162    0.0162    0.0197    0.0207    0.0162    0.0217    0.0287    0.0162    0.0162    0.0214    0.0252    0.0246    0.0162  
0.0223    0.0151    0.0210    0.0151    0.0184    0.0220    0.0184    0.0184    0.0258    0.0151    0.0151    0.0151    0.0151    0.0203    0.0151    0.0151    0.0184    0.0184    0.0258    0.0184    0.0125    0.0151    0.0202    0.0184    0.0151    0.0151    0.0151    0.0220    0.0202    0.0151    0.0184    0.0258    0.0151    0.0151    0.0223    0.0207    0.0237    0.0151  
0.0292    0.0422    0.0260    0.0422    0.0341    0.0338    0.0341    0.0341    0.0234    0.0422    0.0422    0.0422    0.0422    0.0349    0.0422    0.0422    0.0283    0.0284    0.0234    0.0284    0.0350    0.0422    0.0340    0.0341    0.0422    0.0422    0.0422    0.0338    0.0340    0.0422    0.0341    0.0234    0.0422    0.0422    0.0292    0.0286    0.0251    0.0422  
0.0292    0.0422    0.0260    0.0422    0.0341    0.0338    0.0341    0.0341    0.0234    0.0422    0.0422    0.0422    0.0422    0.0349    0.0422    0.0422    0.0283    0.0284    0.0234    0.0284    0.0350    0.0422    0.0340    0.0341    0.0422    0.0422    0.0422    0.0338    0.0340    0.0422    0.0341    0.0234    0.0422    0.0422    0.0292    0.0286    0.0251    0.0422  
0.0244    0.0164    0.0206    0.0164    0.0217    0.0265    0.0217    0.0217    0.0226    0.0164    0.0164    0.0164    0.0164    0.0206    0.0164    0.0164    0.0110    0.0110    0.0226    0.0110    0.0136    0.0164    0.0240    0.0217    0.0164    0.0164    0.0164    0.0265    0.0240    0.0164    0.0217    0.0226    0.0164    0.0164    0.0244    0.0252    0.0272    0.0164  
0.0223    0.0151    0.0210    0.0151    0.0184    0.0220    0.0184    0.0184    0.0258    0.0151    0.0151    0.0151    0.0151    0.0203    0.0151    0.0151    0.0184    0.0184    0.0258    0.0184    0.0125    0.0151    0.0202    0.0184    0.0151    0.0151    0.0151    0.0220    0.0202    0.0151    0.0184    0.0258    0.0151    0.0151    0.0223    0.0207    0.0237    0.0151  
0.0292    0.0422    0.0260    0.0422    0.0341    0.0338    0.0341    0.0341    0.0234    0.0422    0.0422    0.0422    0.0422    0.0349    0.0422    0.0422    0.0283    0.0284    0.0234    0.0284    0.0350    0.0422    0.0340    0.0341    0.0422    0.0422    0.0422    0.0338    0.0340    0.0422    0.0341    0.0234    0.0422    0.0422    0.0292    0.0286    0.0251    0.0422  
0.0296    0.0188    0.0116    0.0188    0.0346    0.0150    0.0346    0.0346    0.0238    0.0188    0.0188    0.0188    0.0188    0.0155    0.0188    0.0188    0.0126    0.0126    0.0238    0.0126    0.0156    0.0188    0.0248    0.0346    0.0188    0.0188    0.0188    0.0150    0.0248    0.0188    0.0346    0.0238    0.0188    0.0188    0.0296    0.0455    0.0399    0.0188  
0.0214    0.0162    0.0153    0.0162    0.0217    0.0197    0.0217    0.0217    0.0287    0.0162    0.0162    0.0162    0.0162    0.0170    0.0162    0.0162    0.0248    0.0109    0.0287    0.0109    0.0135    0.0162    0.0207    0.0217    0.0162    0.0162    0.0162    0.0197    0.0207    0.0162    0.0217    0.0287    0.0162    0.0162    0.0214    0.0252    0.0246    0.0162  
0.0223    0.0151    0.0210    0.0151    0.0184    0.0220    0.0184    0.0184    0.0258    0.0151    0.0151    0.0151    0.0151    0.0203    0.0151    0.0151    0.0184    0.0184    0.0258    0.0184    0.0125    0.0151    0.0202    0.0184    0.0151    0.0151    0.0151    0.0220    0.0202    0.0151    0.0184    0.0258    0.0151    0.0151    0.0223    0.0207    0.0237    0.0151  
0.0313    0.0221    0.0422    0.0221    0.0179    0.0177    0.0179    0.0179    0.0165    0.0221    0.0221    0.0221    0.0221    0.0374    0.0221    0.0221    0.0148    0.0149    0.0165    0.0149    0.0184    0.0221    0.0178    0.0179    0.0221    0.0221    0.0221    0.0177    0.0178    0.0221    0.0179    0.0165    0.0221    0.0221    0.0313    0.0150    0.0269    0.0221  
0.0292    0.0422    0.0260    0.0422    0.0341    0.0338    0.0341    0.0341    0.0234    0.0422    0.0422    0.0422    0.0422    0.0349    0.0422    0.0422    0.0283    0.0284    0.0234    0.0284    0.0350    0.0422    0.0340    0.0341    0.0422    0.0422    0.0422    0.0338    0.0340    0.0422    0.0341    0.0234    0.0422    0.0422    0.0292    0.0286    0.0251    0.0422  
