0.0386    0.0271    0.0228    0.0228    0.0503    0.0413    0.1057    0.0413  
0.0367    0.0226    0.0135    0.0135    0.0266    0.0231    0.0856    0.0231  
0.1975    0.2081    0.2194    0.2194    0.1942    0.1689    0.1228    0.1689  
0.1975    0.2081    0.2194    0.2194    0.1942    0.1689    0.1228    0.1689  
0.1207    0.1272    0.1067    0.1067    0.0945    0.0821    0.0751    0.0821  
0.1975    0.2081    0.2194    0.2194    0.1942    0.1689    0.1228    0.1689  
0.0507    0.0293    0.0204    0.0204    0.0494    0.0234    0.0811    0.0234  
0.0536    0.0564    0.0595    0.0595    0.0656    0.1078    0.0947    0.1078  
0.0536    0.0564    0.0595    0.0595    0.0656    0.1078    0.0947    0.1078  
0.0536    0.0564    0.0595    0.0595    0.0656    0.1078    0.0947    0.1078  
