4
38
31
19
40
8
9
7
23
25
49
18
12
7
10
18
39
13
28
34
27
47
21
69
13
9
14
21
7
28
17
57
54
21
40
10
47
17
20
10
22
16
12
18
6
10
6
15
17
32
25
22
12
28
8
12
16
52
14
15
13
10
13
7
13
19
1
37
10
3
32
23
15
56
36
46
27
26
48
12
50
105
62
97
26
5
32
7
64
26
53
62
28
5
19
13
16
60
33
11
14
4
10
15
40
59
7
65
24
14
13
4
20
6
20
12
6
46
4
28
5
28
25
6
22
17
17
27
9
15
16
10
19
18
17
16
8
8
64
39
45
50
52
18
15
48
30
44
7
88
54
19
24
12
35
16
38
18
44
64
25
29
7
71
38
39
16
17
10
30
17
7
48
25
45
20
32
8
33
21
17
27
12
8
39
10
44
19
23
12
31
42
6
19
25
9
45
34
30
12
22
28
19
21
8
20
27
30
66
38
61
31
26
21
47
19
19
19
17
43
15
55
18
4
9
6
60
75
16
14
17
18
37
24
55
21
35
24
34
18
45
11
43
43
23
12
31
23
48
24
20
12
32
14
12
17
13
32
7
42
7
9
57
56
16
11
40
19
13
15
24
13
37
27
12
24
23
14
12
43
27
59
28
12
37
34
35
26
23
52
64
54
25
10
4
9
6
53
41
19
28
13
10
32
47
21
13
20
15
33
19
12
18
22
68
27
54
11
59
38
62
49
36
28
17
19
25
19
22
37
47
20
27
53
34
6
31
18
18
9
15
101
54
55
43
17
11
60
45
49
70
41
16
35
40
46
21
12
39
18
10
13
13
51
16
29
21
13
28
29
21
37
38
51
43
17
8
21
13
13
33
26
15
25
37
24
17
18
18
16
10
65
45
44
28
14
30
17
16
11
32
42
17
35
12
37
37
23
23
10
34
52
25
19
7
29
11
32
34
26
62
41
38
29
26
43
22
11
21
41
11
19
46
25
11
22
26
28
19
42
54
33
42
13
14
23
21
24
21
16
12
30
12
34
20
26
13
22
16
37
17
12
14
11
14
31
28
36
34
53
48
36
50
41
25
39
8
14
50
27
25
45
17
21
37
53
77
8
23
35
19
22
22
53
47
20
23
19
37
11
25
36
19
19
26
33
20
15
16
28
29
35
26
22
36
12
77
33
25
56
62
9
32
28
31
57
55
26
40
77
77
40
53
26
51
16
22
7
40
58
58
42
29
16
64
11
52
80
93
16
45
45
90
109
42
23
15
48
36
51
46
39
69
19
18
17
38
9
29
27
6
21
22
50
32
44
38
18
78
39
24
20
28
65
35
76
4
9
12
49
47
41
45
71
44
47
51
84
10
15
34
28
13
10
43
31
18
12
8
26
19
31
26
27
10
27
12
22
10
22
17
9
28
67
71
88
32
27
28
50
40
10
36
37
17
23
32
10
21
60
11
21
21
24
46
23
12
19
23
17
26
7
22
25
21
17
21
54
30
29
18
14
25
66
16
36
39
42
18
21
23
24
20
4
15
22
12
32
6
12
11
14
28
5
26
25
42
15
19
16
8
29
23
9
27
10
28
43
27
54
23
28
33
37
61
24
5
27
38
30
23
65
13
33
15
5
48
22
18
50
47
9
12
11
24
22
46
47
18
55
21
34
22
115
95
19
27
42
8
25
39
79
42
36
22
30
27
41
5
4
9
7
8
9
4
30
10
49
23
49
76
13
38
22
26
27
10
41
10
6
6
6
24
17
9
5
8
37
17
19
8
34
10
4
4
5
11
40
31
40
51
18
43
72
27
18
17
37
44
6
37
57
16
24
32
17
57
15
41
20
25
19
17
17
11
36
21
12
15
20
11
31
36
24
24
43
24
53
36
76
42
31
23
26
15
62
14
30
27
49
43
55
70
41
9
40
25
28
22
71
32
22
34
18
8
21
37
26
27
22
11
20
18
14
46
15
29
36
14
9
27
36
20
37
35
18
16
20
50
49
36
11
13
17
8
20
14
10
28
8
26
10
14
9
9
14
18
12
28
16
33
39
21
19
10
30
10
26
26
36
28
27
26
28
38
9
16
25
16
25
39
20
10
38
32
34
21
12
39
19
3
29
13
20
16
10
13
22
25
29
17
35
23
53
6
22
24
26
12
29
31
21
9
23
8
17
14
16
32
12
18
20
17
11
19
25
20
24
20
30
23
16
10
9
19
18
30
33
30
21
46
21
25
30
50
16
11
26
14
33
13
16
29
26
18
40
56
39
12
27
53
33
28
16
26
34
13
24
27
7
18
28
23
5
29
33
19
12
53
17
35
14
39
31
49
51
31
36
23
47
37
87
35
33
69
67
48
15
15
16
15
13
29
25
11
20
20
14
20
38
38
10
10
9
36
22
39
29
18
8
19
28
34
17
39
20
35
19
19
23
30
18
21
27
14
19
33
9
13
9
49
34
8
15
32
9
14
17
24
27
12
13
45
44
9
75
21
8
49
32
21
32
28
37
79
45
33
46
38
10
37
34
31
23
11
31
12
31
13
19
11
43
40
17
25
10
13
17
11
21
11
13
36
34
7
16
13
8
8
11
19
20
35
16
19
19
20
13
17
60
16
22
9
21
33
7
12
64
29
19
10
14
36
15
50
19
48
30
21
56
33
21
16
27
30
43
54
44
57
62
31
25
46
76
9
57
23
49
13
20
27
22
51
19
26
27
26
34
37
10
18
40
14
33
25
9
15
23
7
33
17
13
16
19
9
31
23
6
20
23
6
9
24
16
24
9
22
33
6
26
17
24
39
42
20
29
5
5
26
31
16
52
14
21
8
28
41
19
30
28
15
11
48
41
43
53
31
12
23
64
111
21
16
16
22
13
23
3
4
12
17
8
10
44
30
36
22
35
25
31
13
15
27
28
39
17
27
11
81
25
22
16
34
30
7
15
34
29
21
26
36
24
17
23
37
46
18
42
46
31
30
47
28
23
31
33
19
18
12
4
11
12
8
5
11
28
26
19
11
38
39
6
20
14
31
8
16
37
15
16
49
51
13
31
15
34
13
9
15
5
48
14
6
13
34
8
12
13
35
5
11
14
130
11
30
41
30
12
22
21
47
28
49
30
21
86
68
66
26
16
15
22
36
36
27
13
28
35
19
20
24
24
8
17
35
25
12
20
21
20
16
30
5
11
12
1
6
1
30
12
31
58
6
40
62
80
14
36
19
11
43
23
10
5
36
73
25
19
37
38
46
29
34
37
30
16
25
26
53
40
28
69
8
23
20
23
38
31
4
5
9
9
37
41
41
24
34
17
22
10
46
27
28
15
8
27
40
28
42
31
38
15
7
44
15
54
15
13
61
20
16
25
28
20
33
13
44
16
29
31
70
9
45
11
20
39
7
42
33
7
15
5
8
16
12
15
32
17
28
21
22
20
26
9
21
24
15
14
18
20
18
23
7
16
37
19
22
23
13
40
12
24
19
10
12
28
8
19
31
10
45
48
25
22
11
23
17
52
44
23
36
27
35
56
34
27
47
29
15
25
30
21
48
32
38
24
32
10
5
5
12
49
23
51
7
30
51
28
18
31
21
36
28
12
43
29
29
65
43
31
16
5
14
16
16
11
41
22
28
13
29
17
14
20
27
12
15
12
7
14
23
11
6
11
18
6
58
12
10
7
27
30
3
7
14
12
14
17
33
24
22
62
7
16
19
18
22
47
33
30
9
16
59
14
51
18
60
28
27
31
13
22
14
64
12
12
48
8
30
11
8
4
41
17
58
21
38
27
60
43
54
45
7
47
56
29
10
9
7
16
28
23
26
28
29
13
30
15
35
12
15
23
21
15
13
31
21
15
48
34
17
13
62
22
36
26
23
44
15
29
35
21
19
4
9
1
5
2
30
37
29
20
24
15
23
9
16
22
9
9
54
5
48
4
41
4
40
4
31
4
38
4
51
4
5
12
55
32
32
10
28
19
25
8
31
3
27
19
17
22
8
40
25
22
24
46
14
25
7
52
27
59
3
18
15
40
29
12
22
66
13
39
26
24
14
21
25
17
19
3
26
30
21
30
47
60
10
11
20
26
42
29
21
28
40
14
36
21
19
36
20
26
19
23
27
1
17
9
27
19
33
52
48
47
16
54
34
29
13
16
21
9
20
15
14
20
31
11
18
18
24
19
25
20
21
23
1
52
25
58
15
80
1
87
28
41
39
24
78
19
12
68
26
48
99
67
33
76
33
70
48
21
14
3
36
10
50
14
59
31
42
60
37
27
29
22
15
15
21
1
56
40
13
46
43
20
72
37
11
19
18
26
14
16
33
24
9
48
3
22
28
20
37
40
9
42
33
40
35
42
35
27
22
20
11
16
10
3
48
17
18
22
50
14
32
33
18
20
12
29
23
20
19
49
33
3
28
28
37
11
27
25
37
32
27
41
37
15
9
30
25
12
6
15
12
31
15
14
59
17
65
18
31
22
20
21
14
7
7
8
7
15
40
14
2
15
24
20
30
22
16
13
26
53
38
21
33
49
10
32
