4
33
37
19
38
11
8
8
25
28
58
20
12
8
14
22
37
13
28
32
27
39
24
63
13
8
17
17
6
29
18
58
48
17
42
12
45
18
22
9
26
19
18
21
13
14
13
14
19
34
28
24
13
32
7
15
14
60
18
20
11
10
10
8
16
19
3
36
12
7
30
20
17
57
44
61
26
23
69
13
60
104
61
99
23
4
38
14
56
30
56
71
23
7
21
12
17
57
39
9
14
3
12
15
37
61
6
58
26
15
21
1
21
3
15
11
6
43
7
27
2
29
26
10
20
17
16
27
8
16
21
10
21
19
15
12
8
10
74
45
53
67
52
10
17
40
33
49
5
90
63
23
20
9
50
18
41
26
38
47
25
29
7
89
35
42
13
14
8
26
13
6
54
27
47
24
29
6
24
22
23
28
11
8
41
7
44
21
33
15
28
37
6
19
34
6
48
41
28
11
27
38
20
23
9
17
27
32
73
43
57
28
20
23
52
15
19
22
17
42
20
51
17
4
8
6
62
60
19
18
16
19
40
23
63
21
36
20
33
26
34
10
51
38
25
19
42
20
52
25
21
14
40
15
13
18
14
31
7
51
4
9
44
52
18
11
47
21
12
15
29
15
42
26
14
24
29
15
8
40
33
39
30
17
33
41
36
25
21
53
59
53
25
11
4
8
5
54
45
24
32
18
13
37
44
17
11
14
12
37
19
11
14
24
68
39
63
15
62
55
78
50
37
40
15
23
31
24
23
38
47
20
38
59
29
7
28
15
18
9
20
133
55
62
47
23
8
53
44
43
78
45
19
42
41
44
23
12
43
18
9
13
12
59
18
29
23
13
40
29
28
43
26
52
45
21
6
27
19
20
37
33
18
36
39
31
19
15
20
16
12
67
49
48
34
17
24
19
17
14
24
32
17
33
11
41
39
17
20
8
35
57
27
24
6
30
10
34
35
32
65
43
53
33
25
38
22
9
29
44
9
19
40
30
10
32
30
32
21
44
53
30
42
18
18
31
20
19
20
14
16
23
14
40
20
25
10
20
15
34
17
9
14
8
13
40
31
35
40
50
42
40
52
45
33
37
5
16
62
26
30
48
15
19
40
54
68
7
28
39
22
26
26
62
46
19
23
19
34
11
20
40
20
18
21
30
19
19
16
26
30
34
24
34
33
15
115
31
22
51
56
7
28
29
32
58
47
31
50
71
79
43
62
35
61
18
22
7
49
65
51
49
29
15
59
12
59
92
105
0
18
92
68
126
42
21
12
49
35
55
49
41
65
19
18
16
43
11
31
30
4
22
26
58
31
49
35
21
64
41
29
18
25
100
24
48
4
7
10
48
58
44
43
67
45
52
50
76
12
15
42
38
17
11
49
40
22
12
9
36
24
34
30
24
19
35
13
25
14
27
21
10
31
61
120
43
35
37
22
49
46
17
37
36
17
22
27
10
19
59
12
20
25
19
50
21
11
21
30
18
27
6
30
21
18
15
28
42
35
23
25
19
23
62
22
27
23
44
25
21
25
19
27
6
20
26
12
28
7
15
11
18
32
5
29
31
52
19
20
18
11
23
23
7
28
13
32
40
26
51
23
29
36
33
62
30
4
26
38
32
21
67
15
33
16
6
45
25
22
47
40
6
13
6
23
17
45
46
18
43
26
30
27
119
99
10
20
56
5
19
38
77
40
36
21
32
25
35
5
4
7
6
7
9
5
32
10
52
29
46
74
12
33
21
27
28
4
37
12
4
7
5
32
26
11
4
9
38
14
23
7
27
9
2
4
7
11
40
31
40
53
22
37
66
32
26
15
45
42
6
32
50
13
22
39
18
51
16
35
21
30
20
15
17
13
28
21
9
17
24
15
33
38
22
28
36
14
56
39
70
43
26
25
24
10
71
18
30
25
45
48
51
72
34
8
37
23
29
26
66
33
27
39
21
6
21
39
27
27
23
13
28
16
17
66
18
33
25
12
13
18
39
13
28
41
22
17
18
47
58
33
12
21
21
16
21
12
10
34
10
29
14
16
13
9
19
20
12
34
14
35
47
26
23
11
31
10
30
34
47
21
21
27
22
48
6
21
26
17
17
28
22
10
41
35
38
20
14
35
14
5
29
13
21
12
9
11
11
26
28
18
39
28
39
5
24
25
20
15
20
31
21
10
24
8
16
13
17
32
17
20
21
15
8
17
28
20
21
18
28
25
12
7
10
18
31
37
42
39
20
47
17
28
28
48
15
13
27
15
33
17
16
23
23
16
39
55
35
14
33
58
36
37
16
22
32
15
18
33
10
19
35
20
6
30
40
18
19
60
22
35
16
35
28
54
51
28
37
24
35
43
79
36
27
74
63
38
13
23
11
18
21
33
38
15
27
25
16
25
33
50
15
9
8
37
25
44
33
23
8
19
32
36
21
43
18
24
19
21
17
31
19
21
27
17
21
39
9
14
5
48
41
8
17
31
8
16
12
24
35
14
9
37
50
11
87
22
8
59
31
23
34
27
37
94
46
35
53
44
13
40
30
33
21
11
35
14
28
13
20
10
36
36
21
26
11
13
17
12
23
13
12
40
37
12
20
14
11
9
15
22
27
41
15
21
17
23
10
20
63
16
20
11
21
24
6
11
65
40
22
7
17
33
20
56
16
45
24
23
55
31
23
13
28
28
47
54
44
66
58
35
25
44
68
13
72
25
49
19
15
31
27
41
16
22
28
21
33
43
9
18
43
18
44
30
9
21
25
8
33
10
13
17
16
6
37
21
7
21
23
7
12
17
17
18
8
24
32
7
33
19
29
41
45
32
33
7
4
25
37
16
49
14
19
8
21
41
23
36
31
19
18
47
58
39
43
33
8
19
70
117
16
18
13
15
16
21
4
7
13
22
11
11
44
31
40
28
35
26
33
12
16
29
26
35
21
25
11
96
25
23
15
29
31
16
15
35
29
19
21
36
23
14
20
45
50
20
37
43
18
25
46
32
19
39
39
19
22
10
4
13
12
12
5
17
31
23
19
18
40
37
7
28
21
35
6
13
39
15
20
48
50
13
27
17
29
12
11
19
4
47
15
9
8
36
9
11
15
42
6
9
13
138
19
29
32
35
11
20
24
46
27
62
7
27
86
70
59
27
14
20
21
36
42
29
18
28
41
19
19
22
28
7
11
42
32
9
29
20
28
16
26
5
13
13
2
6
1
35
14
40
68
5
40
61
90
16
35
19
13
41
22
7
9
40
89
24
34
26
43
40
24
29
46
25
21
20
28
50
41
30
57
5
19
22
22
28
23
6
5
8
7
36
42
31
19
46
13
17
10
46
23
29
15
7
23
38
21
40
27
28
22
7
55
14
42
11
15
62
20
21
20
29
17
34
12
66
0
28
27
64
8
43
12
15
38
10
39
37
8
20
11
8
16
11
12
29
15
25
20
17
17
27
7
22
20
17
15
21
16
17
26
10
19
34
22
22
34
14
38
18
27
19
10
15
27
8
19
28
13
48
38
24
16
8
18
18
43
41
24
32
22
43
60
32
34
42
21
11
23
27
19
40
24
28
16
32
9
6
5
14
54
20
44
7
28
50
20
17
21
19
33
26
10
40
26
21
58
40
20
22
5
10
20
17
10
45
25
20
9
28
17
21
16
25
18
19
12
12
13
27
9
8
11
22
9
62
13
11
6
32
37
6
7
21
13
15
14
33
21
24
64
9
17
19
20
20
55
33
24
12
18
48
11
55
17
54
33
32
32
16
18
12
68
17
8
50
8
30
9
8
4
27
14
46
20
38
28
59
43
52
49
7
44
48
31
14
10
8
23
34
25
31
36
35
14
40
15
38
14
20
29
29
22
15
39
17
16
46
39
19
16
55
27
37
27
23
40
17
23
37
21
17
4
8
1
8
11
27
37
20
18
21
19
20
8
19
25
8
9
55
6
49
5
43
5
40
5
31
5
39
5
52
5
5
10
50
35
27
11
29
15
21
11
35
3
27
23
15
25
8
53
30
22
21
48
16
24
8
49
27
61
3
23
17
39
28
13
25
63
17
42
26
21
14
22
23
19
17
3
25
35
20
39
43
64
10
8
18
26
48
35
23
31
40
15
42
27
27
41
27
31
25
26
32
1
14
7
25
20
32
60
50
58
19
53
34
26
13
13
23
6
17
18
18
26
37
14
25
21
30
27
25
24
18
25
0
60
26
49
15
84
0
74
40
50
40
17
75
15
14
64
24
51
118
64
33
70
36
65
53
25
16
3
31
9
53
18
46
27
37
50
37
24
29
22
14
16
19
0
64
45
18
49
43
17
65
35
13
21
18
26
11
14
32
26
8
42
3
19
37
19
33
43
7
34
35
37
37
51
40
36
26
22
15
14
12
3
46
16
18
22
48
16
33
33
16
19
10
22
20
17
17
47
36
3
33
24
43
16
30
35
44
36
27
40
35
13
13
36
27
10
4
15
15
22
13
12
63
17
60
19
29
19
22
23
17
8
7
5
8
15
35
14
2
17
17
13
25
30
17
15
32
59
38
23
42
65
12
29
